   jpnij   jpimax  jpjmax    jpk  jpiglo  jpjglo ( local:    narea     jpi     jpj )
     768     143     127      31    4502    3002 ( local:        1     143     127 )
nproc nlci nlcj nldi nldj nlei nlej nimp njmp nono noso nowe noea nbondi nbondj 
    0  143  127    1    1  142  126    1    1   32   -1   -1    1     -1     -1
    1  143  127    2    1  142  126  142    1   33   -1    0    2      0     -1
    2  143  127    2    1  142  126  283    1   34   -1    1    3      0     -1
    3  143  127    2    1  142  126  424    1   35   -1    2    4      0     -1
    4  143  127    2    1  142  126  565    1   36   -1    3    5      0     -1
    5  143  127    2    1  142  126  706    1   37   -1    4    6      0     -1
    6  143  127    2    1  142  126  847    1   38   -1    5    7      0     -1
    7  143  127    2    1  142  126  988    1   39   -1    6    8      0     -1
    8  143  127    2    1  142  126 1129    1   40   -1    7    9      0     -1
    9  143  127    2    1  142  126 1270    1   41   -1    8   10      0     -1
   10  143  127    2    1  142  126 1411    1   42   -1    9   11      0     -1
   11  143  127    2    1  142  126 1552    1   43   -1   10   12      0     -1
   12  143  127    2    1  142  126 1693    1   44   -1   11   13      0     -1
   13  143  127    2    1  142  126 1834    1   45   -1   12   14      0     -1
   14  143  127    2    1  142  126 1975    1   46   -1   13   15      0     -1
   15  143  127    2    1  142  126 2116    1   47   -1   14   16      0     -1
   16  143  127    2    1  142  126 2257    1   48   -1   15   17      0     -1
   17  143  127    2    1  142  126 2398    1   49   -1   16   18      0     -1
   18  143  127    2    1  142  126 2539    1   50   -1   17   19      0     -1
   19  143  127    2    1  142  126 2680    1   51   -1   18   20      0     -1
   20  142  127    2    1  141  126 2821    1   52   -1   19   21      0     -1
   21  142  127    2    1  141  126 2961    1   53   -1   20   22      0     -1
   22  142  127    2    1  141  126 3101    1   54   -1   21   23      0     -1
   23  142  127    2    1  141  126 3241    1   55   -1   22   24      0     -1
   24  142  127    2    1  141  126 3381    1   56   -1   23   25      0     -1
   25  142  127    2    1  141  126 3521    1   57   -1   24   26      0     -1
   26  142  127    2    1  141  126 3661    1   58   -1   25   27      0     -1
   27  142  127    2    1  141  126 3801    1   59   -1   26   28      0     -1
   28  142  127    2    1  141  126 3941    1   60   -1   27   29      0     -1
   29  142  127    2    1  141  126 4081    1   61   -1   28   30      0     -1
   30  142  127    2    1  141  126 4221    1   62   -1   29   31      0     -1
   31  142  127    2    1  142  126 4361    1   63   -1   30   32      1     -1
   32  143  127    1    2  142  126    1  126   64    0   31   33     -1      0
   33  143  127    2    2  142  126  142  126   65    1   32   34      0      0
   34  143  127    2    2  142  126  283  126   66    2   33   35      0      0
   35  143  127    2    2  142  126  424  126   67    3   34   36      0      0
   36  143  127    2    2  142  126  565  126   68    4   35   37      0      0
   37  143  127    2    2  142  126  706  126   69    5   36   38      0      0
   38  143  127    2    2  142  126  847  126   70    6   37   39      0      0
   39  143  127    2    2  142  126  988  126   71    7   38   40      0      0
   40  143  127    2    2  142  126 1129  126   72    8   39   41      0      0
   41  143  127    2    2  142  126 1270  126   73    9   40   42      0      0
   42  143  127    2    2  142  126 1411  126   74   10   41   43      0      0
   43  143  127    2    2  142  126 1552  126   75   11   42   44      0      0
   44  143  127    2    2  142  126 1693  126   76   12   43   45      0      0
   45  143  127    2    2  142  126 1834  126   77   13   44   46      0      0
   46  143  127    2    2  142  126 1975  126   78   14   45   47      0      0
   47  143  127    2    2  142  126 2116  126   79   15   46   48      0      0
   48  143  127    2    2  142  126 2257  126   80   16   47   49      0      0
   49  143  127    2    2  142  126 2398  126   81   17   48   50      0      0
   50  143  127    2    2  142  126 2539  126   82   18   49   51      0      0
   51  143  127    2    2  142  126 2680  126   83   19   50   52      0      0
   52  142  127    2    2  141  126 2821  126   84   20   51   53      0      0
   53  142  127    2    2  141  126 2961  126   85   21   52   54      0      0
   54  142  127    2    2  141  126 3101  126   86   22   53   55      0      0
   55  142  127    2    2  141  126 3241  126   87   23   54   56      0      0
   56  142  127    2    2  141  126 3381  126   88   24   55   57      0      0
   57  142  127    2    2  141  126 3521  126   89   25   56   58      0      0
   58  142  127    2    2  141  126 3661  126   90   26   57   59      0      0
   59  142  127    2    2  141  126 3801  126   91   27   58   60      0      0
   60  142  127    2    2  141  126 3941  126   92   28   59   61      0      0
   61  142  127    2    2  141  126 4081  126   93   29   60   62      0      0
   62  142  127    2    2  141  126 4221  126   94   30   61   63      0      0
   63  142  127    2    2  142  126 4361  126   95   31   62   64      1      0
   64  143  127    1    2  142  126    1  251   96   32   63   65     -1      0
   65  143  127    2    2  142  126  142  251   97   33   64   66      0      0
   66  143  127    2    2  142  126  283  251   98   34   65   67      0      0
   67  143  127    2    2  142  126  424  251   99   35   66   68      0      0
   68  143  127    2    2  142  126  565  251  100   36   67   69      0      0
   69  143  127    2    2  142  126  706  251  101   37   68   70      0      0
   70  143  127    2    2  142  126  847  251  102   38   69   71      0      0
   71  143  127    2    2  142  126  988  251  103   39   70   72      0      0
   72  143  127    2    2  142  126 1129  251  104   40   71   73      0      0
   73  143  127    2    2  142  126 1270  251  105   41   72   74      0      0
   74  143  127    2    2  142  126 1411  251  106   42   73   75      0      0
   75  143  127    2    2  142  126 1552  251  107   43   74   76      0      0
   76  143  127    2    2  142  126 1693  251  108   44   75   77      0      0
   77  143  127    2    2  142  126 1834  251  109   45   76   78      0      0
   78  143  127    2    2  142  126 1975  251  110   46   77   79      0      0
   79  143  127    2    2  142  126 2116  251  111   47   78   80      0      0
   80  143  127    2    2  142  126 2257  251  112   48   79   81      0      0
   81  143  127    2    2  142  126 2398  251  113   49   80   82      0      0
   82  143  127    2    2  142  126 2539  251  114   50   81   83      0      0
   83  143  127    2    2  142  126 2680  251  115   51   82   84      0      0
   84  142  127    2    2  141  126 2821  251  116   52   83   85      0      0
   85  142  127    2    2  141  126 2961  251  117   53   84   86      0      0
   86  142  127    2    2  141  126 3101  251  118   54   85   87      0      0
   87  142  127    2    2  141  126 3241  251  119   55   86   88      0      0
   88  142  127    2    2  141  126 3381  251  120   56   87   89      0      0
   89  142  127    2    2  141  126 3521  251  121   57   88   90      0      0
   90  142  127    2    2  141  126 3661  251  122   58   89   91      0      0
   91  142  127    2    2  141  126 3801  251  123   59   90   92      0      0
   92  142  127    2    2  141  126 3941  251  124   60   91   93      0      0
   93  142  127    2    2  141  126 4081  251  125   61   92   94      0      0
   94  142  127    2    2  141  126 4221  251  126   62   93   95      0      0
   95  142  127    2    2  142  126 4361  251  127   63   94   96      1      0
   96  143  127    1    2  142  126    1  376  128   64   95   97     -1      0
   97  143  127    2    2  142  126  142  376  129   65   96   98      0      0
   98  143  127    2    2  142  126  283  376  130   66   97   99      0      0
   99  143  127    2    2  142  126  424  376  131   67   98  100      0      0
  100  143  127    2    2  142  126  565  376  132   68   99  101      0      0
  101  143  127    2    2  142  126  706  376  133   69  100  102      0      0
  102  143  127    2    2  142  126  847  376  134   70  101  103      0      0
  103  143  127    2    2  142  126  988  376  135   71  102  104      0      0
  104  143  127    2    2  142  126 1129  376  136   72  103  105      0      0
  105  143  127    2    2  142  126 1270  376  137   73  104  106      0      0
  106  143  127    2    2  142  126 1411  376  138   74  105  107      0      0
  107  143  127    2    2  142  126 1552  376  139   75  106  108      0      0
  108  143  127    2    2  142  126 1693  376  140   76  107  109      0      0
  109  143  127    2    2  142  126 1834  376  141   77  108  110      0      0
  110  143  127    2    2  142  126 1975  376  142   78  109  111      0      0
  111  143  127    2    2  142  126 2116  376  143   79  110  112      0      0
  112  143  127    2    2  142  126 2257  376  144   80  111  113      0      0
  113  143  127    2    2  142  126 2398  376  145   81  112  114      0      0
  114  143  127    2    2  142  126 2539  376  146   82  113  115      0      0
  115  143  127    2    2  142  126 2680  376  147   83  114  116      0      0
  116  142  127    2    2  141  126 2821  376  148   84  115  117      0      0
  117  142  127    2    2  141  126 2961  376  149   85  116  118      0      0
  118  142  127    2    2  141  126 3101  376  150   86  117  119      0      0
  119  142  127    2    2  141  126 3241  376  151   87  118  120      0      0
  120  142  127    2    2  141  126 3381  376  152   88  119  121      0      0
  121  142  127    2    2  141  126 3521  376  153   89  120  122      0      0
  122  142  127    2    2  141  126 3661  376  154   90  121  123      0      0
  123  142  127    2    2  141  126 3801  376  155   91  122  124      0      0
  124  142  127    2    2  141  126 3941  376  156   92  123  125      0      0
  125  142  127    2    2  141  126 4081  376  157   93  124  126      0      0
  126  142  127    2    2  141  126 4221  376  158   94  125  127      0      0
  127  142  127    2    2  142  126 4361  376  159   95  126  128      1      0
  128  143  127    1    2  142  126    1  501  160   96  127  129     -1      0
  129  143  127    2    2  142  126  142  501  161   97  128  130      0      0
  130  143  127    2    2  142  126  283  501  162   98  129  131      0      0
  131  143  127    2    2  142  126  424  501  163   99  130  132      0      0
  132  143  127    2    2  142  126  565  501  164  100  131  133      0      0
  133  143  127    2    2  142  126  706  501  165  101  132  134      0      0
  134  143  127    2    2  142  126  847  501  166  102  133  135      0      0
  135  143  127    2    2  142  126  988  501  167  103  134  136      0      0
  136  143  127    2    2  142  126 1129  501  168  104  135  137      0      0
  137  143  127    2    2  142  126 1270  501  169  105  136  138      0      0
  138  143  127    2    2  142  126 1411  501  170  106  137  139      0      0
  139  143  127    2    2  142  126 1552  501  171  107  138  140      0      0
  140  143  127    2    2  142  126 1693  501  172  108  139  141      0      0
  141  143  127    2    2  142  126 1834  501  173  109  140  142      0      0
  142  143  127    2    2  142  126 1975  501  174  110  141  143      0      0
  143  143  127    2    2  142  126 2116  501  175  111  142  144      0      0
  144  143  127    2    2  142  126 2257  501  176  112  143  145      0      0
  145  143  127    2    2  142  126 2398  501  177  113  144  146      0      0
  146  143  127    2    2  142  126 2539  501  178  114  145  147      0      0
  147  143  127    2    2  142  126 2680  501  179  115  146  148      0      0
  148  142  127    2    2  141  126 2821  501  180  116  147  149      0      0
  149  142  127    2    2  141  126 2961  501  181  117  148  150      0      0
  150  142  127    2    2  141  126 3101  501  182  118  149  151      0      0
  151  142  127    2    2  141  126 3241  501  183  119  150  152      0      0
  152  142  127    2    2  141  126 3381  501  184  120  151  153      0      0
  153  142  127    2    2  141  126 3521  501  185  121  152  154      0      0
  154  142  127    2    2  141  126 3661  501  186  122  153  155      0      0
  155  142  127    2    2  141  126 3801  501  187  123  154  156      0      0
  156  142  127    2    2  141  126 3941  501  188  124  155  157      0      0
  157  142  127    2    2  141  126 4081  501  189  125  156  158      0      0
  158  142  127    2    2  141  126 4221  501  190  126  157  159      0      0
  159  142  127    2    2  142  126 4361  501  191  127  158  160      1      0
  160  143  127    1    2  142  126    1  626  192  128  159  161     -1      0
  161  143  127    2    2  142  126  142  626  193  129  160  162      0      0
  162  143  127    2    2  142  126  283  626  194  130  161  163      0      0
  163  143  127    2    2  142  126  424  626  195  131  162  164      0      0
  164  143  127    2    2  142  126  565  626  196  132  163  165      0      0
  165  143  127    2    2  142  126  706  626  197  133  164  166      0      0
  166  143  127    2    2  142  126  847  626  198  134  165  167      0      0
  167  143  127    2    2  142  126  988  626  199  135  166  168      0      0
  168  143  127    2    2  142  126 1129  626  200  136  167  169      0      0
  169  143  127    2    2  142  126 1270  626  201  137  168  170      0      0
  170  143  127    2    2  142  126 1411  626  202  138  169  171      0      0
  171  143  127    2    2  142  126 1552  626  203  139  170  172      0      0
  172  143  127    2    2  142  126 1693  626  204  140  171  173      0      0
  173  143  127    2    2  142  126 1834  626  205  141  172  174      0      0
  174  143  127    2    2  142  126 1975  626  206  142  173  175      0      0
  175  143  127    2    2  142  126 2116  626  207  143  174  176      0      0
  176  143  127    2    2  142  126 2257  626  208  144  175  177      0      0
  177  143  127    2    2  142  126 2398  626  209  145  176  178      0      0
  178  143  127    2    2  142  126 2539  626  210  146  177  179      0      0
  179  143  127    2    2  142  126 2680  626  211  147  178  180      0      0
  180  142  127    2    2  141  126 2821  626  212  148  179  181      0      0
  181  142  127    2    2  141  126 2961  626  213  149  180  182      0      0
  182  142  127    2    2  141  126 3101  626  214  150  181  183      0      0
  183  142  127    2    2  141  126 3241  626  215  151  182  184      0      0
  184  142  127    2    2  141  126 3381  626  216  152  183  185      0      0
  185  142  127    2    2  141  126 3521  626  217  153  184  186      0      0
  186  142  127    2    2  141  126 3661  626  218  154  185  187      0      0
  187  142  127    2    2  141  126 3801  626  219  155  186  188      0      0
  188  142  127    2    2  141  126 3941  626  220  156  187  189      0      0
  189  142  127    2    2  141  126 4081  626  221  157  188  190      0      0
  190  142  127    2    2  141  126 4221  626  222  158  189  191      0      0
  191  142  127    2    2  142  126 4361  626  223  159  190  192      1      0
  192  143  127    1    2  142  126    1  751  224  160  191  193     -1      0
  193  143  127    2    2  142  126  142  751  225  161  192  194      0      0
  194  143  127    2    2  142  126  283  751  226  162  193  195      0      0
  195  143  127    2    2  142  126  424  751  227  163  194  196      0      0
  196  143  127    2    2  142  126  565  751  228  164  195  197      0      0
  197  143  127    2    2  142  126  706  751  229  165  196  198      0      0
  198  143  127    2    2  142  126  847  751  230  166  197  199      0      0
  199  143  127    2    2  142  126  988  751  231  167  198  200      0      0
  200  143  127    2    2  142  126 1129  751  232  168  199  201      0      0
  201  143  127    2    2  142  126 1270  751  233  169  200  202      0      0
  202  143  127    2    2  142  126 1411  751  234  170  201  203      0      0
  203  143  127    2    2  142  126 1552  751  235  171  202  204      0      0
  204  143  127    2    2  142  126 1693  751  236  172  203  205      0      0
  205  143  127    2    2  142  126 1834  751  237  173  204  206      0      0
  206  143  127    2    2  142  126 1975  751  238  174  205  207      0      0
  207  143  127    2    2  142  126 2116  751  239  175  206  208      0      0
  208  143  127    2    2  142  126 2257  751  240  176  207  209      0      0
  209  143  127    2    2  142  126 2398  751  241  177  208  210      0      0
  210  143  127    2    2  142  126 2539  751  242  178  209  211      0      0
  211  143  127    2    2  142  126 2680  751  243  179  210  212      0      0
  212  142  127    2    2  141  126 2821  751  244  180  211  213      0      0
  213  142  127    2    2  141  126 2961  751  245  181  212  214      0      0
  214  142  127    2    2  141  126 3101  751  246  182  213  215      0      0
  215  142  127    2    2  141  126 3241  751  247  183  214  216      0      0
  216  142  127    2    2  141  126 3381  751  248  184  215  217      0      0
  217  142  127    2    2  141  126 3521  751  249  185  216  218      0      0
  218  142  127    2    2  141  126 3661  751  250  186  217  219      0      0
  219  142  127    2    2  141  126 3801  751  251  187  218  220      0      0
  220  142  127    2    2  141  126 3941  751  252  188  219  221      0      0
  221  142  127    2    2  141  126 4081  751  253  189  220  222      0      0
  222  142  127    2    2  141  126 4221  751  254  190  221  223      0      0
  223  142  127    2    2  142  126 4361  751  255  191  222  224      1      0
  224  143  127    1    2  142  126    1  876  256  192  223  225     -1      0
  225  143  127    2    2  142  126  142  876  257  193  224  226      0      0
  226  143  127    2    2  142  126  283  876  258  194  225  227      0      0
  227  143  127    2    2  142  126  424  876  259  195  226  228      0      0
  228  143  127    2    2  142  126  565  876  260  196  227  229      0      0
  229  143  127    2    2  142  126  706  876  261  197  228  230      0      0
  230  143  127    2    2  142  126  847  876  262  198  229  231      0      0
  231  143  127    2    2  142  126  988  876  263  199  230  232      0      0
  232  143  127    2    2  142  126 1129  876  264  200  231  233      0      0
  233  143  127    2    2  142  126 1270  876  265  201  232  234      0      0
  234  143  127    2    2  142  126 1411  876  266  202  233  235      0      0
  235  143  127    2    2  142  126 1552  876  267  203  234  236      0      0
  236  143  127    2    2  142  126 1693  876  268  204  235  237      0      0
  237  143  127    2    2  142  126 1834  876  269  205  236  238      0      0
  238  143  127    2    2  142  126 1975  876  270  206  237  239      0      0
  239  143  127    2    2  142  126 2116  876  271  207  238  240      0      0
  240  143  127    2    2  142  126 2257  876  272  208  239  241      0      0
  241  143  127    2    2  142  126 2398  876  273  209  240  242      0      0
  242  143  127    2    2  142  126 2539  876  274  210  241  243      0      0
  243  143  127    2    2  142  126 2680  876  275  211  242  244      0      0
  244  142  127    2    2  141  126 2821  876  276  212  243  245      0      0
  245  142  127    2    2  141  126 2961  876  277  213  244  246      0      0
  246  142  127    2    2  141  126 3101  876  278  214  245  247      0      0
  247  142  127    2    2  141  126 3241  876  279  215  246  248      0      0
  248  142  127    2    2  141  126 3381  876  280  216  247  249      0      0
  249  142  127    2    2  141  126 3521  876  281  217  248  250      0      0
  250  142  127    2    2  141  126 3661  876  282  218  249  251      0      0
  251  142  127    2    2  141  126 3801  876  283  219  250  252      0      0
  252  142  127    2    2  141  126 3941  876  284  220  251  253      0      0
  253  142  127    2    2  141  126 4081  876  285  221  252  254      0      0
  254  142  127    2    2  141  126 4221  876  286  222  253  255      0      0
  255  142  127    2    2  142  126 4361  876  287  223  254  256      1      0
  256  143  127    1    2  142  126    1 1001  288  224  255  257     -1      0
  257  143  127    2    2  142  126  142 1001  289  225  256  258      0      0
  258  143  127    2    2  142  126  283 1001  290  226  257  259      0      0
  259  143  127    2    2  142  126  424 1001  291  227  258  260      0      0
  260  143  127    2    2  142  126  565 1001  292  228  259  261      0      0
  261  143  127    2    2  142  126  706 1001  293  229  260  262      0      0
  262  143  127    2    2  142  126  847 1001  294  230  261  263      0      0
  263  143  127    2    2  142  126  988 1001  295  231  262  264      0      0
  264  143  127    2    2  142  126 1129 1001  296  232  263  265      0      0
  265  143  127    2    2  142  126 1270 1001  297  233  264  266      0      0
  266  143  127    2    2  142  126 1411 1001  298  234  265  267      0      0
  267  143  127    2    2  142  126 1552 1001  299  235  266  268      0      0
  268  143  127    2    2  142  126 1693 1001  300  236  267  269      0      0
  269  143  127    2    2  142  126 1834 1001  301  237  268  270      0      0
  270  143  127    2    2  142  126 1975 1001  302  238  269  271      0      0
  271  143  127    2    2  142  126 2116 1001  303  239  270  272      0      0
  272  143  127    2    2  142  126 2257 1001  304  240  271  273      0      0
  273  143  127    2    2  142  126 2398 1001  305  241  272  274      0      0
  274  143  127    2    2  142  126 2539 1001  306  242  273  275      0      0
  275  143  127    2    2  142  126 2680 1001  307  243  274  276      0      0
  276  142  127    2    2  141  126 2821 1001  308  244  275  277      0      0
  277  142  127    2    2  141  126 2961 1001  309  245  276  278      0      0
  278  142  127    2    2  141  126 3101 1001  310  246  277  279      0      0
  279  142  127    2    2  141  126 3241 1001  311  247  278  280      0      0
  280  142  127    2    2  141  126 3381 1001  312  248  279  281      0      0
  281  142  127    2    2  141  126 3521 1001  313  249  280  282      0      0
  282  142  127    2    2  141  126 3661 1001  314  250  281  283      0      0
  283  142  127    2    2  141  126 3801 1001  315  251  282  284      0      0
  284  142  127    2    2  141  126 3941 1001  316  252  283  285      0      0
  285  142  127    2    2  141  126 4081 1001  317  253  284  286      0      0
  286  142  127    2    2  141  126 4221 1001  318  254  285  287      0      0
  287  142  127    2    2  142  126 4361 1001  319  255  286  288      1      0
  288  143  127    1    2  142  126    1 1126  320  256  287  289     -1      0
  289  143  127    2    2  142  126  142 1126  321  257  288  290      0      0
  290  143  127    2    2  142  126  283 1126  322  258  289  291      0      0
  291  143  127    2    2  142  126  424 1126  323  259  290  292      0      0
  292  143  127    2    2  142  126  565 1126  324  260  291  293      0      0
  293  143  127    2    2  142  126  706 1126  325  261  292  294      0      0
  294  143  127    2    2  142  126  847 1126  326  262  293  295      0      0
  295  143  127    2    2  142  126  988 1126  327  263  294  296      0      0
  296  143  127    2    2  142  126 1129 1126  328  264  295  297      0      0
  297  143  127    2    2  142  126 1270 1126  329  265  296  298      0      0
  298  143  127    2    2  142  126 1411 1126  330  266  297  299      0      0
  299  143  127    2    2  142  126 1552 1126  331  267  298  300      0      0
  300  143  127    2    2  142  126 1693 1126  332  268  299  301      0      0
  301  143  127    2    2  142  126 1834 1126  333  269  300  302      0      0
  302  143  127    2    2  142  126 1975 1126  334  270  301  303      0      0
  303  143  127    2    2  142  126 2116 1126  335  271  302  304      0      0
  304  143  127    2    2  142  126 2257 1126  336  272  303  305      0      0
  305  143  127    2    2  142  126 2398 1126  337  273  304  306      0      0
  306  143  127    2    2  142  126 2539 1126  338  274  305  307      0      0
  307  143  127    2    2  142  126 2680 1126  339  275  306  308      0      0
  308  142  127    2    2  141  126 2821 1126  340  276  307  309      0      0
  309  142  127    2    2  141  126 2961 1126  341  277  308  310      0      0
  310  142  127    2    2  141  126 3101 1126  342  278  309  311      0      0
  311  142  127    2    2  141  126 3241 1126  343  279  310  312      0      0
  312  142  127    2    2  141  126 3381 1126  344  280  311  313      0      0
  313  142  127    2    2  141  126 3521 1126  345  281  312  314      0      0
  314  142  127    2    2  141  126 3661 1126  346  282  313  315      0      0
  315  142  127    2    2  141  126 3801 1126  347  283  314  316      0      0
  316  142  127    2    2  141  126 3941 1126  348  284  315  317      0      0
  317  142  127    2    2  141  126 4081 1126  349  285  316  318      0      0
  318  142  127    2    2  141  126 4221 1126  350  286  317  319      0      0
  319  142  127    2    2  142  126 4361 1126  351  287  318  320      1      0
  320  143  127    1    2  142  126    1 1251  352  288  319  321     -1      0
  321  143  127    2    2  142  126  142 1251  353  289  320  322      0      0
  322  143  127    2    2  142  126  283 1251  354  290  321  323      0      0
  323  143  127    2    2  142  126  424 1251  355  291  322  324      0      0
  324  143  127    2    2  142  126  565 1251  356  292  323  325      0      0
  325  143  127    2    2  142  126  706 1251  357  293  324  326      0      0
  326  143  127    2    2  142  126  847 1251  358  294  325  327      0      0
  327  143  127    2    2  142  126  988 1251  359  295  326  328      0      0
  328  143  127    2    2  142  126 1129 1251  360  296  327  329      0      0
  329  143  127    2    2  142  126 1270 1251  361  297  328  330      0      0
  330  143  127    2    2  142  126 1411 1251  362  298  329  331      0      0
  331  143  127    2    2  142  126 1552 1251  363  299  330  332      0      0
  332  143  127    2    2  142  126 1693 1251  364  300  331  333      0      0
  333  143  127    2    2  142  126 1834 1251  365  301  332  334      0      0
  334  143  127    2    2  142  126 1975 1251  366  302  333  335      0      0
  335  143  127    2    2  142  126 2116 1251  367  303  334  336      0      0
  336  143  127    2    2  142  126 2257 1251  368  304  335  337      0      0
  337  143  127    2    2  142  126 2398 1251  369  305  336  338      0      0
  338  143  127    2    2  142  126 2539 1251  370  306  337  339      0      0
  339  143  127    2    2  142  126 2680 1251  371  307  338  340      0      0
  340  142  127    2    2  141  126 2821 1251  372  308  339  341      0      0
  341  142  127    2    2  141  126 2961 1251  373  309  340  342      0      0
  342  142  127    2    2  141  126 3101 1251  374  310  341  343      0      0
  343  142  127    2    2  141  126 3241 1251  375  311  342  344      0      0
  344  142  127    2    2  141  126 3381 1251  376  312  343  345      0      0
  345  142  127    2    2  141  126 3521 1251  377  313  344  346      0      0
  346  142  127    2    2  141  126 3661 1251  378  314  345  347      0      0
  347  142  127    2    2  141  126 3801 1251  379  315  346  348      0      0
  348  142  127    2    2  141  126 3941 1251  380  316  347  349      0      0
  349  142  127    2    2  141  126 4081 1251  381  317  348  350      0      0
  350  142  127    2    2  141  126 4221 1251  382  318  349  351      0      0
  351  142  127    2    2  142  126 4361 1251  383  319  350  352      1      0
  352  143  127    1    2  142  126    1 1376  384  320  351  353     -1      0
  353  143  127    2    2  142  126  142 1376  385  321  352  354      0      0
  354  143  127    2    2  142  126  283 1376  386  322  353  355      0      0
  355  143  127    2    2  142  126  424 1376  387  323  354  356      0      0
  356  143  127    2    2  142  126  565 1376  388  324  355  357      0      0
  357  143  127    2    2  142  126  706 1376  389  325  356  358      0      0
  358  143  127    2    2  142  126  847 1376  390  326  357  359      0      0
  359  143  127    2    2  142  126  988 1376  391  327  358  360      0      0
  360  143  127    2    2  142  126 1129 1376  392  328  359  361      0      0
  361  143  127    2    2  142  126 1270 1376  393  329  360  362      0      0
  362  143  127    2    2  142  126 1411 1376  394  330  361  363      0      0
  363  143  127    2    2  142  126 1552 1376  395  331  362  364      0      0
  364  143  127    2    2  142  126 1693 1376  396  332  363  365      0      0
  365  143  127    2    2  142  126 1834 1376  397  333  364  366      0      0
  366  143  127    2    2  142  126 1975 1376  398  334  365  367      0      0
  367  143  127    2    2  142  126 2116 1376  399  335  366  368      0      0
  368  143  127    2    2  142  126 2257 1376  400  336  367  369      0      0
  369  143  127    2    2  142  126 2398 1376  401  337  368  370      0      0
  370  143  127    2    2  142  126 2539 1376  402  338  369  371      0      0
  371  143  127    2    2  142  126 2680 1376  403  339  370  372      0      0
  372  142  127    2    2  141  126 2821 1376  404  340  371  373      0      0
  373  142  127    2    2  141  126 2961 1376  405  341  372  374      0      0
  374  142  127    2    2  141  126 3101 1376  406  342  373  375      0      0
  375  142  127    2    2  141  126 3241 1376  407  343  374  376      0      0
  376  142  127    2    2  141  126 3381 1376  408  344  375  377      0      0
  377  142  127    2    2  141  126 3521 1376  409  345  376  378      0      0
  378  142  127    2    2  141  126 3661 1376  410  346  377  379      0      0
  379  142  127    2    2  141  126 3801 1376  411  347  378  380      0      0
  380  142  127    2    2  141  126 3941 1376  412  348  379  381      0      0
  381  142  127    2    2  141  126 4081 1376  413  349  380  382      0      0
  382  142  127    2    2  141  126 4221 1376  414  350  381  383      0      0
  383  142  127    2    2  142  126 4361 1376  415  351  382  384      1      0
  384  143  127    1    2  142  126    1 1501  416  352  383  385     -1      0
  385  143  127    2    2  142  126  142 1501  417  353  384  386      0      0
  386  143  127    2    2  142  126  283 1501  418  354  385  387      0      0
  387  143  127    2    2  142  126  424 1501  419  355  386  388      0      0
  388  143  127    2    2  142  126  565 1501  420  356  387  389      0      0
  389  143  127    2    2  142  126  706 1501  421  357  388  390      0      0
  390  143  127    2    2  142  126  847 1501  422  358  389  391      0      0
  391  143  127    2    2  142  126  988 1501  423  359  390  392      0      0
  392  143  127    2    2  142  126 1129 1501  424  360  391  393      0      0
  393  143  127    2    2  142  126 1270 1501  425  361  392  394      0      0
  394  143  127    2    2  142  126 1411 1501  426  362  393  395      0      0
  395  143  127    2    2  142  126 1552 1501  427  363  394  396      0      0
  396  143  127    2    2  142  126 1693 1501  428  364  395  397      0      0
  397  143  127    2    2  142  126 1834 1501  429  365  396  398      0      0
  398  143  127    2    2  142  126 1975 1501  430  366  397  399      0      0
  399  143  127    2    2  142  126 2116 1501  431  367  398  400      0      0
  400  143  127    2    2  142  126 2257 1501  432  368  399  401      0      0
  401  143  127    2    2  142  126 2398 1501  433  369  400  402      0      0
  402  143  127    2    2  142  126 2539 1501  434  370  401  403      0      0
  403  143  127    2    2  142  126 2680 1501  435  371  402  404      0      0
  404  142  127    2    2  141  126 2821 1501  436  372  403  405      0      0
  405  142  127    2    2  141  126 2961 1501  437  373  404  406      0      0
  406  142  127    2    2  141  126 3101 1501  438  374  405  407      0      0
  407  142  127    2    2  141  126 3241 1501  439  375  406  408      0      0
  408  142  127    2    2  141  126 3381 1501  440  376  407  409      0      0
  409  142  127    2    2  141  126 3521 1501  441  377  408  410      0      0
  410  142  127    2    2  141  126 3661 1501  442  378  409  411      0      0
  411  142  127    2    2  141  126 3801 1501  443  379  410  412      0      0
  412  142  127    2    2  141  126 3941 1501  444  380  411  413      0      0
  413  142  127    2    2  141  126 4081 1501  445  381  412  414      0      0
  414  142  127    2    2  141  126 4221 1501  446  382  413  415      0      0
  415  142  127    2    2  142  126 4361 1501  447  383  414  416      1      0
  416  143  127    1    2  142  126    1 1626  448  384  415  417     -1      0
  417  143  127    2    2  142  126  142 1626  449  385  416  418      0      0
  418  143  127    2    2  142  126  283 1626  450  386  417  419      0      0
  419  143  127    2    2  142  126  424 1626  451  387  418  420      0      0
  420  143  127    2    2  142  126  565 1626  452  388  419  421      0      0
  421  143  127    2    2  142  126  706 1626  453  389  420  422      0      0
  422  143  127    2    2  142  126  847 1626  454  390  421  423      0      0
  423  143  127    2    2  142  126  988 1626  455  391  422  424      0      0
  424  143  127    2    2  142  126 1129 1626  456  392  423  425      0      0
  425  143  127    2    2  142  126 1270 1626  457  393  424  426      0      0
  426  143  127    2    2  142  126 1411 1626  458  394  425  427      0      0
  427  143  127    2    2  142  126 1552 1626  459  395  426  428      0      0
  428  143  127    2    2  142  126 1693 1626  460  396  427  429      0      0
  429  143  127    2    2  142  126 1834 1626  461  397  428  430      0      0
  430  143  127    2    2  142  126 1975 1626  462  398  429  431      0      0
  431  143  127    2    2  142  126 2116 1626  463  399  430  432      0      0
  432  143  127    2    2  142  126 2257 1626  464  400  431  433      0      0
  433  143  127    2    2  142  126 2398 1626  465  401  432  434      0      0
  434  143  127    2    2  142  126 2539 1626  466  402  433  435      0      0
  435  143  127    2    2  142  126 2680 1626  467  403  434  436      0      0
  436  142  127    2    2  141  126 2821 1626  468  404  435  437      0      0
  437  142  127    2    2  141  126 2961 1626  469  405  436  438      0      0
  438  142  127    2    2  141  126 3101 1626  470  406  437  439      0      0
  439  142  127    2    2  141  126 3241 1626  471  407  438  440      0      0
  440  142  127    2    2  141  126 3381 1626  472  408  439  441      0      0
  441  142  127    2    2  141  126 3521 1626  473  409  440  442      0      0
  442  142  127    2    2  141  126 3661 1626  474  410  441  443      0      0
  443  142  127    2    2  141  126 3801 1626  475  411  442  444      0      0
  444  142  127    2    2  141  126 3941 1626  476  412  443  445      0      0
  445  142  127    2    2  141  126 4081 1626  477  413  444  446      0      0
  446  142  127    2    2  141  126 4221 1626  478  414  445  447      0      0
  447  142  127    2    2  142  126 4361 1626  479  415  446  448      1      0
  448  143  127    1    2  142  126    1 1751  480  416  447  449     -1      0
  449  143  127    2    2  142  126  142 1751  481  417  448  450      0      0
  450  143  127    2    2  142  126  283 1751  482  418  449  451      0      0
  451  143  127    2    2  142  126  424 1751  483  419  450  452      0      0
  452  143  127    2    2  142  126  565 1751  484  420  451  453      0      0
  453  143  127    2    2  142  126  706 1751  485  421  452  454      0      0
  454  143  127    2    2  142  126  847 1751  486  422  453  455      0      0
  455  143  127    2    2  142  126  988 1751  487  423  454  456      0      0
  456  143  127    2    2  142  126 1129 1751  488  424  455  457      0      0
  457  143  127    2    2  142  126 1270 1751  489  425  456  458      0      0
  458  143  127    2    2  142  126 1411 1751  490  426  457  459      0      0
  459  143  127    2    2  142  126 1552 1751  491  427  458  460      0      0
  460  143  127    2    2  142  126 1693 1751  492  428  459  461      0      0
  461  143  127    2    2  142  126 1834 1751  493  429  460  462      0      0
  462  143  127    2    2  142  126 1975 1751  494  430  461  463      0      0
  463  143  127    2    2  142  126 2116 1751  495  431  462  464      0      0
  464  143  127    2    2  142  126 2257 1751  496  432  463  465      0      0
  465  143  127    2    2  142  126 2398 1751  497  433  464  466      0      0
  466  143  127    2    2  142  126 2539 1751  498  434  465  467      0      0
  467  143  127    2    2  142  126 2680 1751  499  435  466  468      0      0
  468  142  127    2    2  141  126 2821 1751  500  436  467  469      0      0
  469  142  127    2    2  141  126 2961 1751  501  437  468  470      0      0
  470  142  127    2    2  141  126 3101 1751  502  438  469  471      0      0
  471  142  127    2    2  141  126 3241 1751  503  439  470  472      0      0
  472  142  127    2    2  141  126 3381 1751  504  440  471  473      0      0
  473  142  127    2    2  141  126 3521 1751  505  441  472  474      0      0
  474  142  127    2    2  141  126 3661 1751  506  442  473  475      0      0
  475  142  127    2    2  141  126 3801 1751  507  443  474  476      0      0
  476  142  127    2    2  141  126 3941 1751  508  444  475  477      0      0
  477  142  127    2    2  141  126 4081 1751  509  445  476  478      0      0
  478  142  127    2    2  141  126 4221 1751  510  446  477  479      0      0
  479  142  127    2    2  142  126 4361 1751  511  447  478  480      1      0
  480  143  127    1    2  142  126    1 1876  512  448  479  481     -1      0
  481  143  127    2    2  142  126  142 1876  513  449  480  482      0      0
  482  143  127    2    2  142  126  283 1876  514  450  481  483      0      0
  483  143  127    2    2  142  126  424 1876  515  451  482  484      0      0
  484  143  127    2    2  142  126  565 1876  516  452  483  485      0      0
  485  143  127    2    2  142  126  706 1876  517  453  484  486      0      0
  486  143  127    2    2  142  126  847 1876  518  454  485  487      0      0
  487  143  127    2    2  142  126  988 1876  519  455  486  488      0      0
  488  143  127    2    2  142  126 1129 1876  520  456  487  489      0      0
  489  143  127    2    2  142  126 1270 1876  521  457  488  490      0      0
  490  143  127    2    2  142  126 1411 1876  522  458  489  491      0      0
  491  143  127    2    2  142  126 1552 1876  523  459  490  492      0      0
  492  143  127    2    2  142  126 1693 1876  524  460  491  493      0      0
  493  143  127    2    2  142  126 1834 1876  525  461  492  494      0      0
  494  143  127    2    2  142  126 1975 1876  526  462  493  495      0      0
  495  143  127    2    2  142  126 2116 1876  527  463  494  496      0      0
  496  143  127    2    2  142  126 2257 1876  528  464  495  497      0      0
  497  143  127    2    2  142  126 2398 1876  529  465  496  498      0      0
  498  143  127    2    2  142  126 2539 1876  530  466  497  499      0      0
  499  143  127    2    2  142  126 2680 1876  531  467  498  500      0      0
  500  142  127    2    2  141  126 2821 1876  532  468  499  501      0      0
  501  142  127    2    2  141  126 2961 1876  533  469  500  502      0      0
  502  142  127    2    2  141  126 3101 1876  534  470  501  503      0      0
  503  142  127    2    2  141  126 3241 1876  535  471  502  504      0      0
  504  142  127    2    2  141  126 3381 1876  536  472  503  505      0      0
  505  142  127    2    2  141  126 3521 1876  537  473  504  506      0      0
  506  142  127    2    2  141  126 3661 1876  538  474  505  507      0      0
  507  142  127    2    2  141  126 3801 1876  539  475  506  508      0      0
  508  142  127    2    2  141  126 3941 1876  540  476  507  509      0      0
  509  142  127    2    2  141  126 4081 1876  541  477  508  510      0      0
  510  142  127    2    2  141  126 4221 1876  542  478  509  511      0      0
  511  142  127    2    2  142  126 4361 1876  543  479  510  512      1      0
  512  143  127    1    2  142  126    1 2001  544  480  511  513     -1      0
  513  143  127    2    2  142  126  142 2001  545  481  512  514      0      0
  514  143  127    2    2  142  126  283 2001  546  482  513  515      0      0
  515  143  127    2    2  142  126  424 2001  547  483  514  516      0      0
  516  143  127    2    2  142  126  565 2001  548  484  515  517      0      0
  517  143  127    2    2  142  126  706 2001  549  485  516  518      0      0
  518  143  127    2    2  142  126  847 2001  550  486  517  519      0      0
  519  143  127    2    2  142  126  988 2001  551  487  518  520      0      0
  520  143  127    2    2  142  126 1129 2001  552  488  519  521      0      0
  521  143  127    2    2  142  126 1270 2001  553  489  520  522      0      0
  522  143  127    2    2  142  126 1411 2001  554  490  521  523      0      0
  523  143  127    2    2  142  126 1552 2001  555  491  522  524      0      0
  524  143  127    2    2  142  126 1693 2001  556  492  523  525      0      0
  525  143  127    2    2  142  126 1834 2001  557  493  524  526      0      0
  526  143  127    2    2  142  126 1975 2001  558  494  525  527      0      0
  527  143  127    2    2  142  126 2116 2001  559  495  526  528      0      0
  528  143  127    2    2  142  126 2257 2001  560  496  527  529      0      0
  529  143  127    2    2  142  126 2398 2001  561  497  528  530      0      0
  530  143  127    2    2  142  126 2539 2001  562  498  529  531      0      0
  531  143  127    2    2  142  126 2680 2001  563  499  530  532      0      0
  532  142  127    2    2  141  126 2821 2001  564  500  531  533      0      0
  533  142  127    2    2  141  126 2961 2001  565  501  532  534      0      0
  534  142  127    2    2  141  126 3101 2001  566  502  533  535      0      0
  535  142  127    2    2  141  126 3241 2001  567  503  534  536      0      0
  536  142  127    2    2  141  126 3381 2001  568  504  535  537      0      0
  537  142  127    2    2  141  126 3521 2001  569  505  536  538      0      0
  538  142  127    2    2  141  126 3661 2001  570  506  537  539      0      0
  539  142  127    2    2  141  126 3801 2001  571  507  538  540      0      0
  540  142  127    2    2  141  126 3941 2001  572  508  539  541      0      0
  541  142  127    2    2  141  126 4081 2001  573  509  540  542      0      0
  542  142  127    2    2  141  126 4221 2001  574  510  541  543      0      0
  543  142  127    2    2  142  126 4361 2001  575  511  542  544      1      0
  544  143  127    1    2  142  126    1 2126  576  512  543  545     -1      0
  545  143  127    2    2  142  126  142 2126  577  513  544  546      0      0
  546  143  127    2    2  142  126  283 2126  578  514  545  547      0      0
  547  143  127    2    2  142  126  424 2126  579  515  546  548      0      0
  548  143  127    2    2  142  126  565 2126  580  516  547  549      0      0
  549  143  127    2    2  142  126  706 2126  581  517  548  550      0      0
  550  143  127    2    2  142  126  847 2126  582  518  549  551      0      0
  551  143  127    2    2  142  126  988 2126  583  519  550  552      0      0
  552  143  127    2    2  142  126 1129 2126  584  520  551  553      0      0
  553  143  127    2    2  142  126 1270 2126  585  521  552  554      0      0
  554  143  127    2    2  142  126 1411 2126  586  522  553  555      0      0
  555  143  127    2    2  142  126 1552 2126  587  523  554  556      0      0
  556  143  127    2    2  142  126 1693 2126  588  524  555  557      0      0
  557  143  127    2    2  142  126 1834 2126  589  525  556  558      0      0
  558  143  127    2    2  142  126 1975 2126  590  526  557  559      0      0
  559  143  127    2    2  142  126 2116 2126  591  527  558  560      0      0
  560  143  127    2    2  142  126 2257 2126  592  528  559  561      0      0
  561  143  127    2    2  142  126 2398 2126  593  529  560  562      0      0
  562  143  127    2    2  142  126 2539 2126  594  530  561  563      0      0
  563  143  127    2    2  142  126 2680 2126  595  531  562  564      0      0
  564  142  127    2    2  141  126 2821 2126  596  532  563  565      0      0
  565  142  127    2    2  141  126 2961 2126  597  533  564  566      0      0
  566  142  127    2    2  141  126 3101 2126  598  534  565  567      0      0
  567  142  127    2    2  141  126 3241 2126  599  535  566  568      0      0
  568  142  127    2    2  141  126 3381 2126  600  536  567  569      0      0
  569  142  127    2    2  141  126 3521 2126  601  537  568  570      0      0
  570  142  127    2    2  141  126 3661 2126  602  538  569  571      0      0
  571  142  127    2    2  141  126 3801 2126  603  539  570  572      0      0
  572  142  127    2    2  141  126 3941 2126  604  540  571  573      0      0
  573  142  127    2    2  141  126 4081 2126  605  541  572  574      0      0
  574  142  127    2    2  141  126 4221 2126  606  542  573  575      0      0
  575  142  127    2    2  142  126 4361 2126  607  543  574  576      1      0
  576  143  127    1    2  142  126    1 2251  608  544  575  577     -1      0
  577  143  127    2    2  142  126  142 2251  609  545  576  578      0      0
  578  143  127    2    2  142  126  283 2251  610  546  577  579      0      0
  579  143  127    2    2  142  126  424 2251  611  547  578  580      0      0
  580  143  127    2    2  142  126  565 2251  612  548  579  581      0      0
  581  143  127    2    2  142  126  706 2251  613  549  580  582      0      0
  582  143  127    2    2  142  126  847 2251  614  550  581  583      0      0
  583  143  127    2    2  142  126  988 2251  615  551  582  584      0      0
  584  143  127    2    2  142  126 1129 2251  616  552  583  585      0      0
  585  143  127    2    2  142  126 1270 2251  617  553  584  586      0      0
  586  143  127    2    2  142  126 1411 2251  618  554  585  587      0      0
  587  143  127    2    2  142  126 1552 2251  619  555  586  588      0      0
  588  143  127    2    2  142  126 1693 2251  620  556  587  589      0      0
  589  143  127    2    2  142  126 1834 2251  621  557  588  590      0      0
  590  143  127    2    2  142  126 1975 2251  622  558  589  591      0      0
  591  143  127    2    2  142  126 2116 2251  623  559  590  592      0      0
  592  143  127    2    2  142  126 2257 2251  624  560  591  593      0      0
  593  143  127    2    2  142  126 2398 2251  625  561  592  594      0      0
  594  143  127    2    2  142  126 2539 2251  626  562  593  595      0      0
  595  143  127    2    2  142  126 2680 2251  627  563  594  596      0      0
  596  142  127    2    2  141  126 2821 2251  628  564  595  597      0      0
  597  142  127    2    2  141  126 2961 2251  629  565  596  598      0      0
  598  142  127    2    2  141  126 3101 2251  630  566  597  599      0      0
  599  142  127    2    2  141  126 3241 2251  631  567  598  600      0      0
  600  142  127    2    2  141  126 3381 2251  632  568  599  601      0      0
  601  142  127    2    2  141  126 3521 2251  633  569  600  602      0      0
  602  142  127    2    2  141  126 3661 2251  634  570  601  603      0      0
  603  142  127    2    2  141  126 3801 2251  635  571  602  604      0      0
  604  142  127    2    2  141  126 3941 2251  636  572  603  605      0      0
  605  142  127    2    2  141  126 4081 2251  637  573  604  606      0      0
  606  142  127    2    2  141  126 4221 2251  638  574  605  607      0      0
  607  142  127    2    2  142  126 4361 2251  639  575  606  608      1      0
  608  143  127    1    2  142  126    1 2376  640  576  607  609     -1      0
  609  143  127    2    2  142  126  142 2376  641  577  608  610      0      0
  610  143  127    2    2  142  126  283 2376  642  578  609  611      0      0
  611  143  127    2    2  142  126  424 2376  643  579  610  612      0      0
  612  143  127    2    2  142  126  565 2376  644  580  611  613      0      0
  613  143  127    2    2  142  126  706 2376  645  581  612  614      0      0
  614  143  127    2    2  142  126  847 2376  646  582  613  615      0      0
  615  143  127    2    2  142  126  988 2376  647  583  614  616      0      0
  616  143  127    2    2  142  126 1129 2376  648  584  615  617      0      0
  617  143  127    2    2  142  126 1270 2376  649  585  616  618      0      0
  618  143  127    2    2  142  126 1411 2376  650  586  617  619      0      0
  619  143  127    2    2  142  126 1552 2376  651  587  618  620      0      0
  620  143  127    2    2  142  126 1693 2376  652  588  619  621      0      0
  621  143  127    2    2  142  126 1834 2376  653  589  620  622      0      0
  622  143  127    2    2  142  126 1975 2376  654  590  621  623      0      0
  623  143  127    2    2  142  126 2116 2376  655  591  622  624      0      0
  624  143  127    2    2  142  126 2257 2376  656  592  623  625      0      0
  625  143  127    2    2  142  126 2398 2376  657  593  624  626      0      0
  626  143  127    2    2  142  126 2539 2376  658  594  625  627      0      0
  627  143  127    2    2  142  126 2680 2376  659  595  626  628      0      0
  628  142  127    2    2  141  126 2821 2376  660  596  627  629      0      0
  629  142  127    2    2  141  126 2961 2376  661  597  628  630      0      0
  630  142  127    2    2  141  126 3101 2376  662  598  629  631      0      0
  631  142  127    2    2  141  126 3241 2376  663  599  630  632      0      0
  632  142  127    2    2  141  126 3381 2376  664  600  631  633      0      0
  633  142  127    2    2  141  126 3521 2376  665  601  632  634      0      0
  634  142  127    2    2  141  126 3661 2376  666  602  633  635      0      0
  635  142  127    2    2  141  126 3801 2376  667  603  634  636      0      0
  636  142  127    2    2  141  126 3941 2376  668  604  635  637      0      0
  637  142  127    2    2  141  126 4081 2376  669  605  636  638      0      0
  638  142  127    2    2  141  126 4221 2376  670  606  637  639      0      0
  639  142  127    2    2  142  126 4361 2376  671  607  638  640      1      0
  640  143  127    1    2  142  126    1 2501  672  608  639  641     -1      0
  641  143  127    2    2  142  126  142 2501  673  609  640  642      0      0
  642  143  127    2    2  142  126  283 2501  674  610  641  643      0      0
  643  143  127    2    2  142  126  424 2501  675  611  642  644      0      0
  644  143  127    2    2  142  126  565 2501  676  612  643  645      0      0
  645  143  127    2    2  142  126  706 2501  677  613  644  646      0      0
  646  143  127    2    2  142  126  847 2501  678  614  645  647      0      0
  647  143  127    2    2  142  126  988 2501  679  615  646  648      0      0
  648  143  127    2    2  142  126 1129 2501  680  616  647  649      0      0
  649  143  127    2    2  142  126 1270 2501  681  617  648  650      0      0
  650  143  127    2    2  142  126 1411 2501  682  618  649  651      0      0
  651  143  127    2    2  142  126 1552 2501  683  619  650  652      0      0
  652  143  127    2    2  142  126 1693 2501  684  620  651  653      0      0
  653  143  127    2    2  142  126 1834 2501  685  621  652  654      0      0
  654  143  127    2    2  142  126 1975 2501  686  622  653  655      0      0
  655  143  127    2    2  142  126 2116 2501  687  623  654  656      0      0
  656  143  127    2    2  142  126 2257 2501  688  624  655  657      0      0
  657  143  127    2    2  142  126 2398 2501  689  625  656  658      0      0
  658  143  127    2    2  142  126 2539 2501  690  626  657  659      0      0
  659  143  127    2    2  142  126 2680 2501  691  627  658  660      0      0
  660  142  127    2    2  141  126 2821 2501  692  628  659  661      0      0
  661  142  127    2    2  141  126 2961 2501  693  629  660  662      0      0
  662  142  127    2    2  141  126 3101 2501  694  630  661  663      0      0
  663  142  127    2    2  141  126 3241 2501  695  631  662  664      0      0
  664  142  127    2    2  141  126 3381 2501  696  632  663  665      0      0
  665  142  127    2    2  141  126 3521 2501  697  633  664  666      0      0
  666  142  127    2    2  141  126 3661 2501  698  634  665  667      0      0
  667  142  127    2    2  141  126 3801 2501  699  635  666  668      0      0
  668  142  127    2    2  141  126 3941 2501  700  636  667  669      0      0
  669  142  127    2    2  141  126 4081 2501  701  637  668  670      0      0
  670  142  127    2    2  141  126 4221 2501  702  638  669  671      0      0
  671  142  127    2    2  142  126 4361 2501  703  639  670  672      1      0
  672  143  127    1    2  142  126    1 2626  704  640  671  673     -1      0
  673  143  127    2    2  142  126  142 2626  705  641  672  674      0      0
  674  143  127    2    2  142  126  283 2626  706  642  673  675      0      0
  675  143  127    2    2  142  126  424 2626  707  643  674  676      0      0
  676  143  127    2    2  142  126  565 2626  708  644  675  677      0      0
  677  143  127    2    2  142  126  706 2626  709  645  676  678      0      0
  678  143  127    2    2  142  126  847 2626  710  646  677  679      0      0
  679  143  127    2    2  142  126  988 2626  711  647  678  680      0      0
  680  143  127    2    2  142  126 1129 2626  712  648  679  681      0      0
  681  143  127    2    2  142  126 1270 2626  713  649  680  682      0      0
  682  143  127    2    2  142  126 1411 2626  714  650  681  683      0      0
  683  143  127    2    2  142  126 1552 2626  715  651  682  684      0      0
  684  143  127    2    2  142  126 1693 2626  716  652  683  685      0      0
  685  143  127    2    2  142  126 1834 2626  717  653  684  686      0      0
  686  143  127    2    2  142  126 1975 2626  718  654  685  687      0      0
  687  143  127    2    2  142  126 2116 2626  719  655  686  688      0      0
  688  143  127    2    2  142  126 2257 2626  720  656  687  689      0      0
  689  143  127    2    2  142  126 2398 2626  721  657  688  690      0      0
  690  143  127    2    2  142  126 2539 2626  722  658  689  691      0      0
  691  143  127    2    2  142  126 2680 2626  723  659  690  692      0      0
  692  142  127    2    2  141  126 2821 2626  724  660  691  693      0      0
  693  142  127    2    2  141  126 2961 2626  725  661  692  694      0      0
  694  142  127    2    2  141  126 3101 2626  726  662  693  695      0      0
  695  142  127    2    2  141  126 3241 2626  727  663  694  696      0      0
  696  142  127    2    2  141  126 3381 2626  728  664  695  697      0      0
  697  142  127    2    2  141  126 3521 2626  729  665  696  698      0      0
  698  142  127    2    2  141  126 3661 2626  730  666  697  699      0      0
  699  142  127    2    2  141  126 3801 2626  731  667  698  700      0      0
  700  142  127    2    2  141  126 3941 2626  732  668  699  701      0      0
  701  142  127    2    2  141  126 4081 2626  733  669  700  702      0      0
  702  142  127    2    2  141  126 4221 2626  734  670  701  703      0      0
  703  142  127    2    2  142  126 4361 2626  735  671  702  704      1      0
  704  143  127    1    2  142  126    1 2751  736  672  703  705     -1      0
  705  143  127    2    2  142  126  142 2751  737  673  704  706      0      0
  706  143  127    2    2  142  126  283 2751  738  674  705  707      0      0
  707  143  127    2    2  142  126  424 2751  739  675  706  708      0      0
  708  143  127    2    2  142  126  565 2751  740  676  707  709      0      0
  709  143  127    2    2  142  126  706 2751  741  677  708  710      0      0
  710  143  127    2    2  142  126  847 2751  742  678  709  711      0      0
  711  143  127    2    2  142  126  988 2751  743  679  710  712      0      0
  712  143  127    2    2  142  126 1129 2751  744  680  711  713      0      0
  713  143  127    2    2  142  126 1270 2751  745  681  712  714      0      0
  714  143  127    2    2  142  126 1411 2751  746  682  713  715      0      0
  715  143  127    2    2  142  126 1552 2751  747  683  714  716      0      0
  716  143  127    2    2  142  126 1693 2751  748  684  715  717      0      0
  717  143  127    2    2  142  126 1834 2751  749  685  716  718      0      0
  718  143  127    2    2  142  126 1975 2751  750  686  717  719      0      0
  719  143  127    2    2  142  126 2116 2751  751  687  718  720      0      0
  720  143  127    2    2  142  126 2257 2751  752  688  719  721      0      0
  721  143  127    2    2  142  126 2398 2751  753  689  720  722      0      0
  722  143  127    2    2  142  126 2539 2751  754  690  721  723      0      0
  723  143  127    2    2  142  126 2680 2751  755  691  722  724      0      0
  724  142  127    2    2  141  126 2821 2751  756  692  723  725      0      0
  725  142  127    2    2  141  126 2961 2751  757  693  724  726      0      0
  726  142  127    2    2  141  126 3101 2751  758  694  725  727      0      0
  727  142  127    2    2  141  126 3241 2751  759  695  726  728      0      0
  728  142  127    2    2  141  126 3381 2751  760  696  727  729      0      0
  729  142  127    2    2  141  126 3521 2751  761  697  728  730      0      0
  730  142  127    2    2  141  126 3661 2751  762  698  729  731      0      0
  731  142  127    2    2  141  126 3801 2751  763  699  730  732      0      0
  732  142  127    2    2  141  126 3941 2751  764  700  731  733      0      0
  733  142  127    2    2  141  126 4081 2751  765  701  732  734      0      0
  734  142  127    2    2  141  126 4221 2751  766  702  733  735      0      0
  735  142  127    2    2  142  126 4361 2751  767  703  734  736      1      0
  736  143  127    1    2  142  127    1 2876   -1  704  735  737     -1      1
  737  143  127    2    2  142  127  142 2876   -1  705  736  738      0      1
  738  143  127    2    2  142  127  283 2876   -1  706  737  739      0      1
  739  143  127    2    2  142  127  424 2876   -1  707  738  740      0      1
  740  143  127    2    2  142  127  565 2876   -1  708  739  741      0      1
  741  143  127    2    2  142  127  706 2876   -1  709  740  742      0      1
  742  143  127    2    2  142  127  847 2876   -1  710  741  743      0      1
  743  143  127    2    2  142  127  988 2876   -1  711  742  744      0      1
  744  143  127    2    2  142  127 1129 2876   -1  712  743  745      0      1
  745  143  127    2    2  142  127 1270 2876   -1  713  744  746      0      1
  746  143  127    2    2  142  127 1411 2876   -1  714  745  747      0      1
  747  143  127    2    2  142  127 1552 2876   -1  715  746  748      0      1
  748  143  127    2    2  142  127 1693 2876   -1  716  747  749      0      1
  749  143  127    2    2  142  127 1834 2876   -1  717  748  750      0      1
  750  143  127    2    2  142  127 1975 2876   -1  718  749  751      0      1
  751  143  127    2    2  142  127 2116 2876   -1  719  750  752      0      1
  752  143  127    2    2  142  127 2257 2876   -1  720  751  753      0      1
  753  143  127    2    2  142  127 2398 2876   -1  721  752  754      0      1
  754  143  127    2    2  142  127 2539 2876   -1  722  753  755      0      1
  755  143  127    2    2  142  127 2680 2876   -1  723  754  756      0      1
  756  142  127    2    2  141  127 2821 2876   -1  724  755  757      0      1
  757  142  127    2    2  141  127 2961 2876   -1  725  756  758      0      1
  758  142  127    2    2  141  127 3101 2876   -1  726  757  759      0      1
  759  142  127    2    2  141  127 3241 2876   -1  727  758  760      0      1
  760  142  127    2    2  141  127 3381 2876   -1  728  759  761      0      1
  761  142  127    2    2  141  127 3521 2876   -1  729  760  762      0      1
  762  142  127    2    2  141  127 3661 2876   -1  730  761  763      0      1
  763  142  127    2    2  141  127 3801 2876   -1  731  762  764      0      1
  764  142  127    2    2  141  127 3941 2876   -1  732  763  765      0      1
  765  142  127    2    2  141  127 4081 2876   -1  733  764  766      0      1
  766  142  127    2    2  141  127 4221 2876   -1  734  765  767      0      1
  767  142  127    2    2  142  127 4361 2876   -1  735  766   -1      1      1
